---------------------------------------- 
Reaction: e+N(D0)->e+N2(D0)               
Type: Ground/MomXfer            
Delta(eV): 0.00           
Mass(AMU): (5.4858E-4:14.0)->(5.4858E-4:14.0)
Charge: (-1:0)->(-1:0)              
#  C1    N    Elastic                  
#  Energy (eV)	Rate coefficient (m3/s)
---------------------------------------- 
<E>(eV)          Rate_Constant(cm^3/s)
0.5166E-01	0.1914E-12
0.5286E-01	0.1936E-12
0.5434E-01	0.1955E-12
0.5625E-01	0.1972E-12
0.5880E-01	0.1983E-12
0.6220E-01	0.1986E-12
0.6705E-01	0.1973E-12
0.7406E-01	0.1952E-12
0.8581E-01	0.1984E-12
0.1012	0.1929E-12
0.1204	0.1784E-12
0.1512	0.1694E-12
0.1837	0.1505E-12
0.2338	0.1369E-12
0.2956	0.1229E-12
0.3677	0.1097E-12
0.4458	0.9810E-13
0.5228	0.8907E-13
0.5918	0.8274E-13
0.6487	0.7866E-13
0.6880	0.8256E-13
0.7194	0.8098E-13
0.7437	0.7983E-13
0.7635	0.7883E-13
0.7806	0.7781E-13
0.7962	0.7672E-13
0.8110	0.7556E-13
0.8544	0.7150E-13
0.8689	0.6982E-13
0.8831	0.6825E-13
0.8971	0.6679E-13
0.9110	0.6547E-13
0.9335	0.6137E-13
0.9466	0.6075E-13
0.9602	0.6017E-13
0.9746	0.5965E-13
0.9861	0.5898E-13
1.003	0.5857E-13
1.020	0.5820E-13
1.039	0.5786E-13
1.035	0.6143E-13
1.060	0.6055E-13
1.086	0.5980E-13
1.124	0.5808E-13
1.151	0.5776E-13
1.183	0.5691E-13
1.214	0.5681E-13
1.248	0.5673E-13
1.285	0.5674E-13
1.326	0.5678E-13
1.371	0.5688E-13
1.420	0.5704E-13
1.476	0.5725E-13
1.537	0.5752E-13
1.606	0.5787E-13
1.685	0.5830E-13
1.774	0.5884E-13
1.877	0.5948E-13
1.997	0.6027E-13
2.137	0.6123E-13
2.301	0.6238E-13
2.492	0.6376E-13
2.715	0.6537E-13
2.971	0.6724E-13
3.261	0.6935E-13
3.584	0.7168E-13
3.938	0.7418E-13
4.320	0.7683E-13
4.730	0.7958E-13
5.163	0.8237E-13
5.616	0.8517E-13
6.098	0.8797E-13
6.603	0.9073E-13
7.137	0.9343E-13
7.705	0.9607E-13
8.311	0.9862E-13
8.960	0.1011E-12
9.662	0.1034E-12
10.43	0.1057E-12
11.26	0.1078E-12
12.17	0.1097E-12
13.17	0.1115E-12
14.29	0.1131E-12
15.52	0.1144E-12
16.89	0.1156E-12
18.42	0.1164E-12
20.13	0.1170E-12
22.06	0.1173E-12
24.24	0.1173E-12
26.69	0.1169E-12
29.50	0.1162E-12
32.68	0.1151E-12
36.33	0.1137E-12
40.53	0.1120E-12
45.41	0.1100E-12
51.12	0.1077E-12
57.85	0.1050E-12
65.86	0.1022E-12
75.48	0.9902E-13
87.15	0.9568E-13
101.6	0.9211E-13
---------------------------------------- 
Reaction: e+N(D0)->e+N2(2p3_2Do)               
Type: Excitation
Delta(eV): 2.39           
Mass(AMU): (5.4858E-4:14.0)->(5.4858E-4:14.0)
Charge: (-1:0)->(-1:0)              
#  C2    N    Excitation    2.39 eV   
#  Energy (eV)	Rate coefficient (m3/s)
---------------------------------------- 
<E>(eV)          Rate_Constant(cm^3/s)                             
0.1012	0.000
0.1204	0.4070E-25
0.1512	0.8324E-24
0.1837	0.1123E-22
0.2338	0.1127E-21
0.2956	0.8064E-21
0.3677	0.4201E-20
0.4458	0.1636E-19
0.5228	0.4921E-19
0.5918	0.1190E-18
0.6487	0.2419E-18
0.6880	0.4273E-18
0.7194	0.6884E-18
0.7437	0.1035E-17
0.7635	0.1481E-17
0.7806	0.2046E-17
0.7962	0.2751E-17
0.8110	0.3628E-17
0.8544	0.4886E-17
0.8689	0.6270E-17
0.8831	0.7970E-17
0.8971	0.1005E-16
0.9110	0.1260E-16
0.9335	0.1586E-16
0.9466	0.1965E-16
0.9602	0.2428E-16
0.9746	0.2992E-16
0.9861	0.3663E-16
1.003	0.4497E-16
1.020	0.5509E-16
1.039	0.6738E-16
1.035	0.8034E-16
1.060	0.9839E-16
1.086	0.1202E-15
1.124	0.1479E-15
1.151	0.1796E-15
1.183	0.2182E-15
1.214	0.2639E-15
1.248	0.3186E-15
1.285	0.3839E-15
1.326	0.4615E-15
1.371	0.5537E-15
1.420	0.6628E-15
1.476	0.7915E-15
1.537	0.9426E-15
1.606	0.1120E-14
1.685	0.1326E-14
1.774	0.1566E-14
1.877	0.1842E-14
1.997	0.2158E-14
2.137	0.2517E-14
2.301	0.2919E-14
2.492	0.3361E-14
2.715	0.3837E-14
2.971	0.4338E-14
3.261	0.4850E-14
3.584	0.5358E-14
3.938	0.5848E-14
4.320	0.6307E-14
4.730	0.6726E-14
5.163	0.7099E-14
5.616	0.7424E-14
6.098	0.7699E-14
6.603	0.7928E-14
7.137	0.8113E-14
7.705	0.8257E-14
8.311	0.8361E-14
8.960	0.8429E-14
9.662	0.8462E-14
10.43	0.8462E-14
11.26	0.8431E-14
12.17	0.8369E-14
13.17	0.8279E-14
14.29	0.8159E-14
15.52	0.8012E-14
16.89	0.7839E-14
18.42	0.7640E-14
20.13	0.7418E-14
22.06	0.7173E-14
24.24	0.6907E-14
26.69	0.6623E-14
29.50	0.6320E-14
32.68	0.6005E-14
36.33	0.5679E-14
40.53	0.5344E-14
45.41	0.5002E-14
51.12	0.4658E-14
57.85	0.4314E-14
65.86	0.3973E-14
75.48	0.3635E-14
87.15	0.3309E-14
101.6	0.2989E-14
---------------------------------------- 
Reaction: e+N(D0)->e+N2(2p3_2Po)
Type: Excitation
Delta(eV): 3.57           
Mass(AMU): (5.4858E-4:14.0)->(5.4858E-4:14.0)
Charge: (-1:0)->(-1:0)              
#  C3    N    Excitation    3.57 eV   
#  Energy (eV)	Rate coefficient (m3/s)
---------------------------------------- 
<E>(eV)          Rate_Constant(cm^3/s)                             
0.6487	0.000
0.6880	0.1226E-35
0.7194	0.3770E-34
0.7437	0.8479E-33
0.7635	0.1438E-31
0.7806	0.1887E-30
0.7962	0.1960E-29
0.8110	0.1646E-28
0.8544	0.4982E-26
0.8689	0.3432E-25
0.8831	0.2024E-24
0.8971	0.1036E-23
0.9110	0.4655E-23
0.9335	0.1905E-22
0.9466	0.6810E-22
0.9602	0.2211E-21
0.9746	0.6580E-21
0.9861	0.1813E-20
1.003	0.4632E-20
1.020	0.1109E-19
1.039	0.2500E-19
1.035	0.5229E-19
1.060	0.1067E-18
1.086	0.2081E-18
1.124	0.3935E-18
1.151	0.7068E-18
1.183	0.1231E-17
1.214	0.2071E-17
1.248	0.3387E-17
1.285	0.5393E-17
1.326	0.8389E-17
1.371	0.1277E-16
1.420	0.1905E-16
1.476	0.2790E-16
1.537	0.4019E-16
1.606	0.5701E-16
1.685	0.7968E-16
1.774	0.1098E-15
1.877	0.1494E-15
1.997	0.2003E-15
2.137	0.2649E-15
2.301	0.3449E-15
2.492	0.4416E-15
2.715	0.5550E-15
2.971	0.6838E-15
3.261	0.8250E-15
3.584	0.9743E-15
3.938	0.1127E-14
4.320	0.1278E-14
4.730	0.1423E-14
5.163	0.1559E-14
5.616	0.1684E-14
6.098	0.1796E-14
6.603	0.1895E-14
7.137	0.1981E-14
7.705	0.2054E-14
8.311	0.2116E-14
8.960	0.2165E-14
9.662	0.2204E-14
10.43	0.2231E-14
11.26	0.2248E-14
12.17	0.2255E-14
13.17	0.2251E-14
14.29	0.2237E-14
15.52	0.2214E-14
16.89	0.2181E-14
18.42	0.2138E-14
20.13	0.2087E-14
22.06	0.2027E-14
24.24	0.1959E-14
26.69	0.1884E-14
29.50	0.1801E-14
32.68	0.1713E-14
36.33	0.1620E-14
40.53	0.1524E-14
45.41	0.1424E-14
51.12	0.1323E-14
57.85	0.1222E-14
65.86	0.1120E-14
75.48	0.1020E-14
87.15	0.9231E-15
101.6	0.8281E-15
---------------------------------------- 
Reaction: e+N(D0)->e+N2(2p2_3P_3s_4Pe)
Type: Excitation
Delta(eV): 10.42           
Mass(AMU): (5.4858E-4:14.0)->(5.4858E-4:14.0)
Charge: (-1:0)->(-1:0)              
#  C4    N    Excitation    10.42 eV  
#  Energy (eV)	Rate coefficient (m3/s)
---------------------------------------- 
<E>(eV)          Rate_Constant(cm^3/s)                             
1.214	0.000
1.248	0.4079E-25
1.285	0.3806E-24
1.326	0.3024E-23
1.371	0.1958E-22
1.420	0.1090E-21
1.476	0.5238E-21
1.537	0.2225E-20
1.606	0.8398E-20
1.685	0.2852E-19
1.774	0.8820E-19
1.877	0.2513E-18
1.997	0.6553E-18
2.137	0.1576E-17
2.301	0.3539E-17
2.492	0.7442E-17
2.715	0.1458E-16
2.971	0.2676E-16
3.261	0.4638E-16
3.584	0.7626E-16
3.938	0.1184E-15
4.320	0.1765E-15
4.730	0.2538E-15
5.163	0.3508E-15
5.616	0.4688E-15
6.098	0.6139E-15
6.603	0.7837E-15
7.137	0.9814E-15
7.705	0.1208E-14
8.311	0.1466E-14
8.960	0.1756E-14
9.662	0.2080E-14
10.43	0.2439E-14
11.26	0.2835E-14
12.17	0.3269E-14
13.17	0.3739E-14
14.29	0.4250E-14
15.52	0.4796E-14
16.89	0.5381E-14
18.42	0.6001E-14
20.13	0.6653E-14
22.06	0.7338E-14
24.24	0.8049E-14
26.69	0.8781E-14
29.50	0.9538E-14
32.68	0.1030E-13
36.33	0.1107E-13
40.53	0.1184E-13
45.41	0.1259E-13
51.12	0.1333E-13
57.85	0.1404E-13
65.86	0.1470E-13
75.48	0.1532E-13
87.15	0.1586E-13
101.6	0.1634E-13
---------------------------------------- 
Reaction: e+N(D0)->e+N2(2p2_3P_3s_2Pe)
Type: Excitation
Delta(eV): 10.77          
Mass(AMU): (5.4858E-4:14.0)->(5.4858E-4:14.0)
Charge: (-1:0)->(-1:0)              
#  C5    N    Excitation    10.77 eV  
#  Energy (eV)	Rate coefficient (m3/s)
---------------------------------------- 
<E>(eV)          Rate_Constant(cm^3/s)  
1.214	0.000
1.248	0.1971E-26
1.285	0.2094E-25
1.326	0.1965E-24
1.371	0.1418E-23
1.420	0.8683E-23
1.476	0.4530E-22
1.537	0.2064E-21
1.606	0.8261E-21
1.685	0.2944E-20
1.774	0.9452E-20
1.877	0.2769E-19
1.997	0.7359E-19
2.137	0.1786E-18
2.301	0.4017E-18
2.492	0.8389E-18
2.715	0.1620E-17
2.971	0.2909E-17
3.261	0.4902E-17
3.584	0.7784E-17
3.938	0.1161E-16
4.320	0.1653E-16
4.730	0.2259E-16
5.163	0.2955E-16
5.616	0.3721E-16
6.098	0.4575E-16
6.603	0.5464E-16
7.137	0.6381E-16
7.705	0.7306E-16
8.311	0.8221E-16
8.960	0.9108E-16
9.662	0.9955E-16
10.43	0.1076E-15
11.26	0.1149E-15
12.17	0.1215E-15
13.17	0.1273E-15
14.29	0.1322E-15
15.52	0.1360E-15
16.89	0.1390E-15
18.42	0.1408E-15
20.13	0.1416E-15
22.06	0.1414E-15
24.24	0.1401E-15
26.69	0.1380E-15
29.50	0.1348E-15
32.68	0.1309E-15
36.33	0.1263E-15
40.53	0.1211E-15
45.41	0.1153E-15
51.12	0.1090E-15
57.85	0.1024E-15
65.86	0.9550E-16
75.48	0.8846E-16
87.15	0.8139E-16
101.6	0.7427E-16
---------------------------------------- 
Reaction: e+N(D0)->e+N2(2s_2p4_4Pe)
Type: Excitation
Delta(eV): 10.95          
Mass(AMU): (5.4858E-4:14.0)->(5.4858E-4:14.0)
Charge: (-1:0)->(-1:0)              
#  C6    N    Excitation    10.95 eV  
#  Energy (eV)	Rate coefficient (m3/s)
---------------------------------------- 
<E>(eV)          Rate_Constant(cm^3/s)  
1.214	0.000
1.248	0.1223E-25
1.285	0.1300E-24
1.326	0.1348E-23
1.371	0.9902E-23
1.420	0.6196E-22
1.476	0.3304E-21
1.537	0.1542E-20
1.606	0.6336E-20
1.685	0.2322E-19
1.774	0.7683E-19
1.877	0.2325E-18
1.997	0.6395E-18
2.137	0.1611E-17
2.301	0.3766E-17
2.492	0.8197E-17
2.715	0.1653E-16
2.971	0.3108E-16
3.261	0.5492E-16
3.584	0.9164E-16
3.938	0.1439E-15
4.320	0.2162E-15
4.730	0.3123E-15
5.163	0.4324E-15
5.616	0.5774E-15
6.098	0.7540E-15
6.603	0.9578E-15
7.137	0.1191E-14
7.705	0.1454E-14
8.311	0.1747E-14
8.960	0.2067E-14
9.662	0.2417E-14
10.43	0.2794E-14
11.26	0.3195E-14
12.17	0.3620E-14
13.17	0.4065E-14
14.29	0.4527E-14
15.52	0.5000E-14
16.89	0.5484E-14
18.42	0.5970E-14
20.13	0.6453E-14
22.06	0.6932E-14
24.24	0.7398E-14
26.69	0.7847E-14
29.50	0.8277E-14
32.68	0.8679E-14
36.33	0.9050E-14
40.53	0.9390E-14
45.41	0.9693E-14
51.12	0.9956E-14
57.85	0.1018E-13
65.86	0.1036E-13
75.48	0.1049E-13
87.15	0.1057E-13
101.6	0.1061E-13
---------------------------------------- 
Reaction: e+N(D0)->e+N2(2p2_3P_3p_2So)
Type: Excitation
Delta(eV): 11.62       
Mass(AMU): (5.4858E-4:14.0)->(5.4858E-4:14.0)
Charge: (-1:0)->(-1:0)              
#  C7    N    Excitation    11.62 eV  
#  Energy (eV)	Rate coefficient (m3/s)
---------------------------------------- 
<E>(eV)          Rate_Constant(cm^3/s)
1.285	0.000
1.326	0.2271E-25
1.371	0.1820E-24
1.420	0.1227E-23
1.476	0.6950E-23
1.537	0.3407E-22
1.606	0.1455E-21
1.685	0.5494E-21
1.774	0.1858E-20
1.877	0.5702E-20
1.997	0.1580E-19
2.137	0.3984E-19
2.301	0.9272E-19
2.492	0.1998E-18
2.715	0.3969E-18
2.971	0.7323E-18
3.261	0.1264E-17
3.584	0.2054E-17
3.938	0.3129E-17
4.320	0.4547E-17
4.730	0.6338E-17
5.163	0.8444E-17
5.616	0.1083E-16
6.098	0.1355E-16
6.603	0.1646E-16
7.137	0.1956E-16
7.705	0.2279E-16
8.311	0.2610E-16
8.960	0.2944E-16
9.662	0.3278E-16
10.43	0.3610E-16
11.26	0.3932E-16
12.17	0.4242E-16
13.17	0.4535E-16
14.29	0.4809E-16
15.52	0.5057E-16
16.89	0.5282E-16
18.42	0.5474E-16
20.13	0.5631E-16
22.06	0.5753E-16
24.24	0.5835E-16
26.69	0.5878E-16
29.50	0.5878E-16
32.68	0.5839E-16
36.33	0.5759E-16
40.53	0.5640E-16
45.41	0.5484E-16
51.12	0.5295E-16
57.85	0.5074E-16
65.86	0.4827E-16
75.48	0.4558E-16
87.15	0.4273E-16
101.6	0.3972E-16
---------------------------------------- 
Reaction: e+N(D0)->e+N2(2p2_3P_3p_4Do)
Type: Excitation
Delta(eV): 11.79
Mass(AMU): (5.4858E-4:14.0)->(5.4858E-4:14.0)
Charge: (-1:0)->(-1:0)              
#  C8    N    Excitation    11.79 eV  
#  Energy (eV)	Rate coefficient (m3/s)
---------------------------------------- 
<E>(eV)          Rate_Constant(cm^3/s)
1.285	0.000
1.326	0.3295E-25
1.371	0.2865E-24
1.420	0.2100E-23
1.476	0.1283E-22
1.537	0.6767E-22
1.606	0.3099E-21
1.685	0.1251E-20
1.774	0.4510E-20
1.877	0.1472E-19
1.997	0.4328E-19
2.137	0.1155E-18
2.301	0.2839E-18
2.492	0.6443E-18
2.715	0.1347E-17
2.971	0.2608E-17
3.261	0.4720E-17
3.584	0.8024E-17
3.938	0.1278E-16
4.320	0.1939E-16
4.730	0.2821E-16
5.163	0.3919E-16
5.616	0.5239E-16
6.098	0.6835E-16
6.603	0.8657E-16
7.137	0.1072E-15
7.705	0.1302E-15
8.311	0.1554E-15
8.960	0.1827E-15
9.662	0.2121E-15
10.43	0.2434E-15
11.26	0.2766E-15
12.17	0.3113E-15
13.17	0.3474E-15
14.29	0.3849E-15
15.52	0.4230E-15
16.89	0.4620E-15
18.42	0.5011E-15
20.13	0.5401E-15
22.06	0.5789E-15
24.24	0.6167E-15
26.69	0.6533E-15
29.50	0.6884E-15
32.68	0.7214E-15
36.33	0.7519E-15
40.53	0.7797E-15
45.41	0.8043E-15
51.12	0.8256E-15
57.85	0.8431E-15
65.86	0.8566E-15
75.48	0.8662E-15
87.15	0.8712E-15
101.6	0.8718E-15
---------------------------------------- 
Reaction: e+N(D0)->e+N2(2p2_3P_3p_4Po)
Type: Excitation
Delta(eV): 11.79
Mass(AMU): (5.4858E-4:14.0)->(5.4858E-4:14.0)
Charge: (-1:0)->(-1:0)              
#  C9    N    Excitation    11.87 eV  
#  Energy (eV)	Rate coefficient (m3/s)
---------------------------------------- 
<E>(eV)          Rate_Constant(cm^3/s)
1.285	0.000
1.326	0.1263E-25
1.371	0.1139E-24
1.420	0.8593E-24
1.476	0.5392E-23
1.537	0.2911E-22
1.606	0.1359E-21
1.685	0.5573E-21
1.774	0.2035E-20
1.877	0.6709E-20
1.997	0.1986E-19
2.137	0.5326E-19
2.301	0.1312E-18
2.492	0.2977E-18
2.715	0.6208E-18
2.971	0.1198E-17
3.261	0.2156E-17
3.584	0.3639E-17
3.938	0.5746E-17
4.320	0.8637E-17
4.730	0.1243E-16
5.163	0.1706E-16
5.616	0.2251E-16
6.098	0.2897E-16
6.603	0.3615E-16
7.137	0.4407E-16
7.705	0.5264E-16
8.311	0.6176E-16
8.960	0.7131E-16
9.662	0.8123E-16
10.43	0.9144E-16
11.26	0.1018E-15
12.17	0.1121E-15
13.17	0.1223E-15
14.29	0.1324E-15
15.52	0.1419E-15
16.89	0.1510E-15
18.42	0.1594E-15
20.13	0.1669E-15
22.06	0.1734E-15
24.24	0.1789E-15
26.69	0.1831E-15
29.50	0.1861E-15
32.68	0.1877E-15
36.33	0.1879E-15
40.53	0.1868E-15
45.41	0.1843E-15
51.12	0.1806E-15
57.85	0.1756E-15
65.86	0.1695E-15
75.48	0.1625E-15
87.15	0.1547E-15
101.6	0.1461E-15
---------------------------------------- 
Reaction: e+N(D0)->e+N2(2p2_3P_3p_4So)
Type: Excitation
Delta(eV): 12.00
Mass(AMU): (5.4858E-4:14.0)->(5.4858E-4:14.0)
Charge: (-1:0)->(-1:0)              
#  C10   N    Excitation    12.00 eV  
#  Energy (eV)	Rate coefficient (m3/s)
---------------------------------------- 
<E>(eV)          Rate_Constant(cm^3/s)
1.285	0.000
1.326	0.1646E-25
1.371	0.1516E-24
1.420	0.1182E-23
1.476	0.7597E-23
1.537	0.4202E-22
1.606	0.2010E-21
1.685	0.8453E-21
1.774	0.3167E-20
1.877	0.1072E-19
1.997	0.3264E-19
2.137	0.9011E-19
2.301	0.2288E-18
2.492	0.5360E-18
2.715	0.1156E-17
2.971	0.2308E-17
3.261	0.4306E-17
3.584	0.7543E-17
3.938	0.1238E-16
4.320	0.1935E-16
4.730	0.2897E-16
5.163	0.4143E-16
5.616	0.5697E-16
6.098	0.7641E-16
6.603	0.9943E-16
7.137	0.1264E-15
7.705	0.1574E-15
8.311	0.1925E-15
8.960	0.2316E-15
9.662	0.2747E-15
10.43	0.3218E-15
11.26	0.3726E-15
12.17	0.4268E-15
13.17	0.4840E-15
14.29	0.5442E-15
15.52	0.6062E-15
16.89	0.6701E-15
18.42	0.7350E-15
20.13	0.8002E-15
22.06	0.8655E-15
24.24	0.9300E-15
26.69	0.9928E-15
29.50	0.1054E-14
32.68	0.1112E-14
36.33	0.1167E-14
40.53	0.1218E-14
45.41	0.1265E-14
51.12	0.1308E-14
57.85	0.1344E-14
65.86	0.1376E-14
75.48	0.1401E-14
87.15	0.1419E-14
101.6	0.1430E-14
---------------------------------------- 
Reaction: e+N(D0)->e+N2(2p2_3P_3p_2Do)
Type: Excitation
Delta(eV): 12.03
Mass(AMU): (5.4858E-4:14.0)->(5.4858E-4:14.0)
Charge: (-1:0)->(-1:0)              
#  C11   N    Excitation    12.03 eV  
#  Energy (eV)	Rate coefficient (m3/s)
---------------------------------------- 
<E>(eV)          Rate_Constant(cm^3/s)
1.285	0.000
1.326	0.3334E-26
1.371	0.3160E-25
1.420	0.2522E-24
1.476	0.1659E-23
1.537	0.9371E-23
1.606	0.4565E-22
1.685	0.1951E-21
1.774	0.7405E-21
1.877	0.2533E-20
1.997	0.7768E-20
2.137	0.2154E-19
2.301	0.5478E-19
2.492	0.1282E-18
2.715	0.2753E-18
2.971	0.5460E-18
3.261	0.1008E-17
3.584	0.1744E-17
3.938	0.2818E-17
4.320	0.4326E-17
4.730	0.6345E-17
5.163	0.8865E-17
5.616	0.1188E-16
6.098	0.1550E-16
6.603	0.1957E-16
7.137	0.2410E-16
7.705	0.2902E-16
8.311	0.3427E-16
8.960	0.3975E-16
9.662	0.4542E-16
10.43	0.5120E-16
11.26	0.5696E-16
12.17	0.6265E-16
13.17	0.6814E-16
14.29	0.7338E-16
15.52	0.7820E-16
16.89	0.8261E-16
18.42	0.8644E-16
20.13	0.8963E-16
22.06	0.9217E-16
24.24	0.9393E-16
26.69	0.9495E-16
29.50	0.9516E-16
32.68	0.9460E-16
36.33	0.9329E-16
40.53	0.9127E-16
45.41	0.8857E-16
51.12	0.8529E-16
57.85	0.8146E-16
65.86	0.7718E-16
75.48	0.7255E-16
87.15	0.6768E-16
101.6	0.6257E-16
---------------------------------------- 
Reaction: e+N(D0)->e+N2(2p2_3P_3p_2Po)
Type: Excitation
Delta(eV): 12.14
Mass(AMU): (5.4858E-4:14.0)->(5.4858E-4:14.0)
Charge: (-1:0)->(-1:0)              
#  C12   N    Excitation    12.14 eV  
#  Energy (eV)	Rate coefficient (m3/s)
---------------------------------------- 
<E>(eV)          Rate_Constant(cm^3/s)
1.285	0.000
1.326	0.2399E-26
1.371	0.2280E-25
1.420	0.1812E-24
1.476	0.1186E-23
1.537	0.6650E-23
1.606	0.3209E-22
1.685	0.1355E-21
1.774	0.5078E-21
1.877	0.1711E-20
1.997	0.5162E-20
2.137	0.1406E-19
2.301	0.3507E-19
2.492	0.8041E-19
2.715	0.1690E-18
2.971	0.3277E-18
3.261	0.5912E-18
3.584	0.9982E-18
3.938	0.1573E-17
4.320	0.2356E-17
4.730	0.3369E-17
5.163	0.4589E-17
5.616	0.5996E-17
6.098	0.7625E-17
6.603	0.9390E-17
7.137	0.1128E-16
7.705	0.1325E-16
8.311	0.1527E-16
8.960	0.1729E-16
9.662	0.1930E-16
10.43	0.2126E-16
11.26	0.2312E-16
12.17	0.2488E-16
13.17	0.2648E-16
14.29	0.2792E-16
15.52	0.2915E-16
16.89	0.3019E-16
18.42	0.3098E-16
20.13	0.3153E-16
22.06	0.3184E-16
24.24	0.3188E-16
26.69	0.3169E-16
29.50	0.3124E-16
32.68	0.3057E-16
36.33	0.2969E-16
40.53	0.2861E-16
45.41	0.2737E-16
51.12	0.2598E-16
57.85	0.2447E-16
65.86	0.2287E-16
75.48	0.2120E-16
87.15	0.1951E-16
101.6	0.1778E-16
---------------------------------------- 
Reaction: e+N(D0)->e+N2(2p2_1D_3s_2De)
Type: Excitation
Delta(eV): 12.37
Mass(AMU): (5.4858E-4:14.0)->(5.4858E-4:14.0)
Charge: (-1:0)->(-1:0)              
#  C13   N    Excitation    12.37 eV  
#  Energy (eV)	Rate coefficient (m3/s)
---------------------------------------- 
<E>(eV)          Rate_Constant(cm^3/s)
1.285	0.000
1.326	0.2600E-27
1.371	0.2560E-26
1.420	0.2134E-25
1.476	0.1449E-24
1.537	0.8419E-24
1.606	0.4207E-23
1.685	0.1840E-22
1.774	0.7136E-22
1.877	0.2491E-21
1.997	0.7784E-21
2.137	0.2198E-20
2.301	0.5686E-20
2.492	0.1353E-19
2.715	0.2950E-19
2.971	0.5941E-19
3.261	0.1113E-18
3.584	0.1952E-18
3.938	0.3195E-18
4.320	0.4968E-18
4.730	0.7377E-18
5.163	0.1043E-17
5.616	0.1414E-17
6.098	0.1865E-17
6.603	0.2382E-17
7.137	0.2964E-17
7.705	0.3607E-17
8.311	0.4301E-17
8.960	0.5038E-17
9.662	0.5809E-17
10.43	0.6605E-17
11.26	0.7410E-17
12.17	0.8213E-17
13.17	0.8997E-17
14.29	0.9752E-17
15.52	0.1045E-16
16.89	0.1110E-16
18.42	0.1167E-16
20.13	0.1214E-16
22.06	0.1252E-16
24.24	0.1278E-16
26.69	0.1293E-16
29.50	0.1296E-16
32.68	0.1287E-16
36.33	0.1267E-16
40.53	0.1236E-16
45.41	0.1195E-16
51.12	0.1145E-16
57.85	0.1087E-16
65.86	0.1022E-16
75.48	0.9528E-17
87.15	0.8802E-17
101.6	0.8046E-17
---------------------------------------- 
Reaction: e+N(D0)->e+N2(2p2_3P_4s_4Pe)
Type: Excitation
Delta(eV): 12.85
Mass(AMU): (5.4858E-4:14.0)->(5.4858E-4:14.0)
Charge: (-1:0)->(-1:0)              
#  C14   N    Excitation    12.85 eV  
#  Energy (eV)	Rate coefficient (m3/s)
---------------------------------------- 
<E>(eV)          Rate_Constant(cm^3/s)
1.285	0.000
1.326	0.9848E-27
1.371	0.1071E-25
1.420	0.1033E-24
1.476	0.7678E-24
1.537	0.4850E-23
1.606	0.2611E-22
1.685	0.1223E-21
1.774	0.5045E-21
1.877	0.1863E-20
1.997	0.6130E-20
2.137	0.1815E-19
2.301	0.4904E-19
2.492	0.1215E-18
2.715	0.2753E-18
2.971	0.5747E-18
3.261	0.1115E-17
3.584	0.2022E-17
3.938	0.3422E-17
4.320	0.5497E-17
4.730	0.8434E-17
5.163	0.1233E-16
5.616	0.1728E-16
6.098	0.2359E-16
6.603	0.3119E-16
7.137	0.4027E-16
7.705	0.5089E-16
8.311	0.6317E-16
8.960	0.7716E-16
9.662	0.9304E-16
10.43	0.1109E-15
11.26	0.1309E-15
12.17	0.1532E-15
13.17	0.1779E-15
14.29	0.2053E-15
15.52	0.2353E-15
16.89	0.2684E-15
18.42	0.3045E-15
20.13	0.3437E-15
22.06	0.3863E-15
24.24	0.4323E-15
26.69	0.4814E-15
29.50	0.5343E-15
32.68	0.5897E-15
36.33	0.6476E-15
40.53	0.7078E-15
45.41	0.7695E-15
51.12	0.8319E-15
57.85	0.8943E-15
65.86	0.9556E-15
75.48	0.1015E-14
87.15	0.1070E-14
101.6	0.1122E-14
---------------------------------------- 
Reaction: e+N(D0)->e+N2(2p2_3P_4s_2Pe)
Type: Excitation
Delta(eV): 12.92
Mass(AMU): (5.4858E-4:14.0)->(5.4858E-4:14.0)
Charge: (-1:0)->(-1:0)              
#  C15   N    Excitation    12.92 eV  
#  Energy (eV)	Rate coefficient (m3/s)
---------------------------------------- 
<E>(eV)          Rate_Constant(cm^3/s)
1.285	0.000
1.326	0.2567E-27
1.371	0.2852E-26
1.420	0.3019E-25
1.476	0.2291E-24
1.537	0.1470E-23
1.606	0.8013E-23
1.685	0.3783E-22
1.774	0.1567E-21
1.877	0.5789E-21
1.997	0.1897E-20
2.137	0.5574E-20
2.301	0.1489E-19
2.492	0.3635E-19
2.715	0.8086E-19
2.971	0.1652E-18
3.261	0.3126E-18
3.584	0.5518E-18
3.938	0.9058E-18
4.320	0.1408E-17
4.730	0.2086E-17
5.163	0.2936E-17
5.616	0.3954E-17
6.098	0.5174E-17
6.603	0.6544E-17
7.137	0.8057E-17
7.705	0.9687E-17
8.311	0.1141E-16
8.960	0.1318E-16
9.662	0.1499E-16
10.43	0.1680E-16
11.26	0.1857E-16
12.17	0.2029E-16
13.17	0.2190E-16
14.29	0.2340E-16
15.52	0.2474E-16
16.89	0.2593E-16
18.42	0.2692E-16
20.13	0.2769E-16
22.06	0.2825E-16
24.24	0.2857E-16
26.69	0.2867E-16
29.50	0.2853E-16
32.68	0.2817E-16
36.33	0.2761E-16
40.53	0.2684E-16
45.41	0.2590E-16
51.12	0.2479E-16
57.85	0.2355E-16
65.86	0.2219E-16
75.48	0.2074E-16
87.15	0.1924E-16
101.6	0.1768E-16
---------------------------------------- 
Reaction: e+N(D0)->e+N2(2p2_3P_3d_2Pe)
Type: Excitation
Delta(eV): 12.96
Mass(AMU): (5.4858E-4:14.0)->(5.4858E-4:14.0)
Charge: (-1:0)->(-1:0)              
#  C16   N    Excitation    12.96 eV  
#  Energy (eV)	Rate coefficient (m3/s)
---------------------------------------- 
<E>(eV)          Rate_Constant(cm^3/s)
1.285	0.000
1.326	0.1295E-27
1.371	0.1450E-26
1.420	0.1612E-25
1.476	0.1230E-24
1.537	0.7925E-24
1.606	0.4330E-23
1.685	0.2046E-22
1.774	0.8469E-22
1.877	0.3121E-21
1.997	0.1020E-20
2.137	0.2982E-20
2.301	0.7918E-20
2.492	0.1919E-19
2.715	0.4234E-19
2.971	0.8567E-19
3.261	0.1605E-18
3.584	0.2799E-18
3.938	0.4538E-18
4.320	0.6963E-18
4.730	0.1017E-17
5.163	0.1411E-17
5.616	0.1874E-17
6.098	0.2417E-17
6.603	0.3015E-17
7.137	0.3662E-17
7.705	0.4348E-17
8.311	0.5060E-17
8.960	0.5786E-17
9.662	0.6516E-17
10.43	0.7246E-17
11.26	0.7957E-17
12.17	0.8644E-17
13.17	0.9294E-17
14.29	0.9903E-17
15.52	0.1045E-16
16.89	0.1095E-16
18.42	0.1137E-16
20.13	0.1171E-16
22.06	0.1197E-16
24.24	0.1214E-16
26.69	0.1222E-16
29.50	0.1221E-16
32.68	0.1211E-16
36.33	0.1192E-16
40.53	0.1165E-16
45.41	0.1130E-16
51.12	0.1088E-16
57.85	0.1039E-16
65.86	0.9854E-17
75.48	0.9270E-17
87.15	0.8656E-17
101.6	0.8013E-17
---------------------------------------- 
Reaction: e+N(D0)->e+N2(2p2_3P_3d_4Fe)
Type: Excitation
Delta(eV): 12.97
Mass(AMU): (5.4858E-4:14.0)->(5.4858E-4:14.0)
Charge: (-1:0)->(-1:0)              
#  C17   N    Excitation    12.97 eV  
#  Energy (eV)	Rate coefficient (m3/s)
---------------------------------------- 
<E>(eV)          Rate_Constant(cm^3/s)
1.285	0.000
1.326	0.4280E-27
1.371	0.4753E-26
1.420	0.4617E-25
1.476	0.3476E-24
1.537	0.2217E-23
1.606	0.1202E-22
1.685	0.5656E-22
1.774	0.2339E-21
1.877	0.8634E-21
1.997	0.2834E-20
2.137	0.8353E-20
2.301	0.2242E-19
2.492	0.5508E-19
2.715	0.1235E-18
2.971	0.2547E-18
3.261	0.4872E-18
3.584	0.8701E-18
3.938	0.1447E-17
4.320	0.2281E-17
4.730	0.3428E-17
5.163	0.4901E-17
5.616	0.6713E-17
6.098	0.8939E-17
6.603	0.1152E-16
7.137	0.1446E-16
7.705	0.1776E-16
8.311	0.2138E-16
8.960	0.2529E-16
9.662	0.2949E-16
10.43	0.3394E-16
11.26	0.3861E-16
12.17	0.4346E-16
13.17	0.4844E-16
14.29	0.5355E-16
15.52	0.5868E-16
16.89	0.6386E-16
18.42	0.6897E-16
20.13	0.7397E-16
22.06	0.7884E-16
24.24	0.8348E-16
26.69	0.8785E-16
29.50	0.9192E-16
32.68	0.9561E-16
36.33	0.9887E-16
40.53	0.1017E-15
45.41	0.1040E-15
51.12	0.1058E-15
57.85	0.1071E-15
65.86	0.1078E-15
75.48	0.1080E-15
87.15	0.1077E-15
101.6	0.1067E-15
---------------------------------------- 
Reaction: e+N(D0)->e+N2(2p2_3P_3d_2Fe)
Type: Excitation
Delta(eV): 12.98
Mass(AMU): (5.4858E-4:14.0)->(5.4858E-4:14.0)
Charge: (-1:0)->(-1:0)              
#  C18   N    Excitation    12.98 eV  
#  Energy (eV)	Rate coefficient (m3/s)
---------------------------------------- 
<E>(eV)          Rate_Constant(cm^3/s)
1.285	0.000
1.326	0.8089E-28
1.371	0.9178E-27
1.420	0.8881E-26
1.476	0.6813E-25
1.537	0.4417E-24
1.606	0.2429E-23
1.685	0.1156E-22
1.774	0.4829E-22
1.877	0.1797E-21
1.997	0.5940E-21
2.137	0.1761E-20
2.301	0.4748E-20
2.492	0.1171E-19
2.715	0.2635E-19
2.971	0.5450E-19
3.261	0.1046E-18
3.584	0.1872E-18
3.938	0.3121E-18
4.320	0.4930E-18
4.730	0.7423E-18
5.163	0.1062E-17
5.616	0.1455E-17
6.098	0.1936E-17
6.603	0.2488E-17
7.137	0.3113E-17
7.705	0.3800E-17
8.311	0.4540E-17
8.960	0.5319E-17
9.662	0.6129E-17
10.43	0.6955E-17
11.26	0.7781E-17
12.17	0.8594E-17
13.17	0.9375E-17
14.29	0.1012E-16
15.52	0.1079E-16
16.89	0.1140E-16
18.42	0.1192E-16
20.13	0.1234E-16
22.06	0.1266E-16
24.24	0.1286E-16
26.69	0.1295E-16
29.50	0.1292E-16
32.68	0.1278E-16
36.33	0.1253E-16
40.53	0.1217E-16
45.41	0.1172E-16
51.12	0.1119E-16
57.85	0.1059E-16
65.86	0.9925E-17
75.48	0.9219E-17
87.15	0.8486E-17
101.6	0.7730E-17
---------------------------------------- 
Reaction: e+N(D0)->e+N2(2p2_3P_3d_4Pe)
Type: Excitation
Delta(eV): 12.99
Mass(AMU): (5.4858E-4:14.0)->(5.4858E-4:14.0)
Charge: (-1:0)->(-1:0)              
#  C19   N    Excitation    12.99 eV  
#  Energy (eV)	Rate coefficient (m3/s)
---------------------------------------- 
<E>(eV)          Rate_Constant(cm^3/s)
1.285	0.000
1.326	0.6217E-27
1.371	0.6926E-26
1.420	0.6714E-25
1.476	0.5082E-24
1.537	0.3265E-23
1.606	0.1784E-22
1.685	0.8463E-22
1.774	0.3532E-21
1.877	0.1318E-20
1.997	0.4380E-20
2.137	0.1309E-19
2.301	0.3570E-19
2.492	0.8929E-19
2.715	0.2043E-18
2.971	0.4311E-18
3.261	0.8461E-18
3.584	0.1555E-17
3.938	0.2671E-17
4.320	0.4365E-17
4.730	0.6828E-17
5.163	0.1020E-16
5.616	0.1466E-16
6.098	0.2057E-16
6.603	0.2805E-16
7.137	0.3744E-16
7.705	0.4904E-16
8.311	0.6322E-16
8.960	0.8034E-16
9.662	0.1009E-15
10.43	0.1254E-15
11.26	0.1543E-15
12.17	0.1882E-15
13.17	0.2276E-15
14.29	0.2732E-15
15.52	0.3253E-15
16.89	0.3845E-15
18.42	0.4513E-15
20.13	0.5256E-15
22.06	0.6083E-15
24.24	0.6989E-15
26.69	0.7971E-15
29.50	0.9040E-15
32.68	0.1017E-14
36.33	0.1136E-14
40.53	0.1260E-14
45.41	0.1387E-14
51.12	0.1517E-14
57.85	0.1646E-14
65.86	0.1774E-14
75.48	0.1898E-14
87.15	0.2013E-14
101.6	0.2121E-14
---------------------------------------- 
Reaction: e+N(D0)->e+N2(2p2_3P_3d_4De)
Type: Excitation
Delta(eV): 13.01
Mass(AMU): (5.4858E-4:14.0)->(5.4858E-4:14.0)
Charge: (-1:0)->(-1:0)
#  C20   N    Excitation    13.01 eV  
#  Energy (eV)	Rate coefficient (m3/s)
---------------------------------------- 
<E>(eV)          Rate_Constant(cm^3/s)
1.285	0.000
1.326	0.1129E-27
1.371	0.1267E-26
1.420	0.1339E-25
1.476	0.1024E-24
1.537	0.6626E-24
1.606	0.3643E-23
1.685	0.1736E-22
1.774	0.7268E-22
1.877	0.2716E-21
1.997	0.9023E-21
2.137	0.2692E-20
2.301	0.7316E-20
2.492	0.1820E-19
2.715	0.4135E-19
2.971	0.8642E-19
3.261	0.1676E-18
3.584	0.3035E-18
3.938	0.5119E-18
4.320	0.8183E-18
4.730	0.1247E-17
5.163	0.1805E-17
5.616	0.2501E-17
6.098	0.3365E-17
6.603	0.4372E-17
7.137	0.5526E-17
7.705	0.6812E-17
8.311	0.8214E-17
8.960	0.9706E-17
9.662	0.1127E-16
10.43	0.1288E-16
11.26	0.1450E-16
12.17	0.1610E-16
13.17	0.1765E-16
14.29	0.1912E-16
15.52	0.2046E-16
16.89	0.2167E-16
18.42	0.2271E-16
20.13	0.2355E-16
22.06	0.2419E-16
24.24	0.2460E-16
26.69	0.2478E-16
29.50	0.2474E-16
32.68	0.2447E-16
36.33	0.2400E-16
40.53	0.2333E-16
45.41	0.2250E-16
51.12	0.2151E-16
57.85	0.2039E-16
65.86	0.1918E-16
75.48	0.1789E-16
87.15	0.1655E-16
101.6	0.1518E-16
---------------------------------------- 
Reaction: e+N(D0)->e+N2(2p2_3P_3d_2De)
Type: Excitation
Delta(eV): 13.02
Mass(AMU): (5.4858E-4:14.0)->(5.4858E-4:14.0)
Charge: (-1:0)->(-1:0)
#  C21   N    Excitation    13.02 eV  
#  Energy (eV)	Rate coefficient (m3/s)
---------------------------------------- 
<E>(eV)          Rate_Constant(cm^3/s)
1.285	0.000
1.326	0.3661E-28
1.371	0.4111E-27
1.420	0.3787E-26
1.476	0.2858E-25
1.537	0.1821E-24
1.606	0.9862E-24
1.685	0.4625E-23
1.774	0.1903E-22
1.877	0.6981E-22
1.997	0.2273E-21
2.137	0.6633E-21
2.301	0.1760E-20
2.492	0.4265E-20
2.715	0.9416E-20
2.971	0.1908E-19
3.261	0.3581E-19
3.584	0.6262E-19
3.938	0.1018E-18
4.320	0.1566E-18
4.730	0.2294E-18
5.163	0.3191E-18
5.616	0.4248E-18
6.098	0.5490E-18
6.603	0.6858E-18
7.137	0.8339E-18
7.705	0.9903E-18
8.311	0.1152E-17
8.960	0.1316E-17
9.662	0.1479E-17
10.43	0.1639E-17
11.26	0.1793E-17
12.17	0.1939E-17
13.17	0.2074E-17
14.29	0.2196E-17
15.52	0.2302E-17
16.89	0.2393E-17
18.42	0.2464E-17
20.13	0.2516E-17
22.06	0.2548E-17
24.24	0.2558E-17
26.69	0.2549E-17
29.50	0.2518E-17
32.68	0.2468E-17
36.33	0.2400E-17
40.53	0.2315E-17
45.41	0.2215E-17
51.12	0.2103E-17
57.85	0.1979E-17
65.86	0.1847E-17
75.48	0.1708E-17
87.15	0.1566E-17
101.6	0.1422E-17
---------------------------------------- 
Reaction: e+N(D0)->e+N2(2p2_3P_4p_2So)
Type: Excitation
Delta(eV): 13.19
Mass(AMU): (5.4858E-4:14.0)->(5.4858E-4:14.0)
Charge: (-1:0)->(-1:0)
#  C22   N    Excitation    13.19 eV  
#  Energy (eV)	Rate coefficient (m3/s)
---------------------------------------- 
<E>(eV)          Rate_Constant(cm^3/s)
1.285	0.000
1.326	0.6270E-28
1.371	0.7176E-27
1.420	0.8377E-26
1.476	0.6646E-25
1.537	0.4467E-24
1.606	0.2540E-23
1.685	0.1249E-22
1.774	0.5378E-22
1.877	0.2062E-21
1.997	0.7003E-21
2.137	0.2129E-20
2.301	0.5876E-20
2.492	0.1479E-19
2.715	0.3387E-19
2.971	0.7110E-19
3.261	0.1380E-18
3.584	0.2493E-18
3.938	0.4181E-18
4.320	0.6628E-18
4.730	0.9989E-18
5.163	0.1428E-17
5.616	0.1950E-17
6.098	0.2583E-17
6.603	0.3303E-17
7.137	0.4107E-17
7.705	0.4981E-17
8.311	0.5913E-17
8.960	0.6884E-17
9.662	0.7884E-17
10.43	0.8899E-17
11.26	0.9909E-17
12.17	0.1090E-16
13.17	0.1186E-16
14.29	0.1277E-16
15.52	0.1361E-16
16.89	0.1438E-16
18.42	0.1506E-16
20.13	0.1563E-16
22.06	0.1610E-16
24.24	0.1644E-16
26.69	0.1666E-16
29.50	0.1675E-16
32.68	0.1671E-16
36.33	0.1655E-16
40.53	0.1626E-16
45.41	0.1586E-16
51.12	0.1536E-16
57.85	0.1475E-16
65.86	0.1406E-16
75.48	0.1330E-16
87.15	0.1249E-16
101.6	0.1162E-16
---------------------------------------- 
Reaction: e+N(D0)->e+N2(2p2_3P_4p_4Do)
Type: Excitation
Delta(eV): 13.24
Mass(AMU): (5.4858E-4:14.0)->(5.4858E-4:14.0)
Charge: (-1:0)->(-1:0)
#  C23   N    Excitation    13.24 eV  
#  Energy (eV)	Rate coefficient (m3/s)
---------------------------------------- 
<E>(eV)          Rate_Constant(cm^3/s)
1.285	0.000
1.326	0.1821E-27
1.371	0.2106E-26
1.420	0.2772E-25
1.476	0.2234E-24
1.537	0.1522E-23
1.606	0.8775E-23
1.685	0.4376E-22
1.774	0.1912E-21
1.877	0.7441E-21
1.997	0.2566E-20
2.137	0.7928E-20
2.301	0.2225E-19
2.492	0.5697E-19
2.715	0.1328E-18
2.971	0.2840E-18
3.261	0.5619E-18
3.584	0.1035E-17
3.938	0.1772E-17
4.320	0.2869E-17
4.730	0.4419E-17
5.163	0.6461E-17
5.616	0.9030E-17
6.098	0.1225E-16
6.603	0.1605E-16
7.137	0.2047E-16
7.705	0.2549E-16
8.311	0.3109E-16
8.960	0.3723E-16
9.662	0.4391E-16
10.43	0.5110E-16
11.26	0.5873E-16
12.17	0.6680E-16
13.17	0.7523E-16
14.29	0.8402E-16
15.52	0.9303E-16
16.89	0.1023E-15
18.42	0.1117E-15
20.13	0.1211E-15
22.06	0.1305E-15
24.24	0.1399E-15
26.69	0.1490E-15
29.50	0.1579E-15
32.68	0.1663E-15
36.33	0.1743E-15
40.53	0.1818E-15
45.41	0.1886E-15
51.12	0.1946E-15
57.85	0.1998E-15
65.86	0.2042E-15
75.48	0.2076E-15
87.15	0.2099E-15
101.6	0.2112E-15
---------------------------------------- 
Reaction: e+N(D0)->e+N2(2p2_3P_4p_4Po)
Type: Excitation
Delta(eV): 13.27
Mass(AMU): (5.4858E-4:14.0)->(5.4858E-4:14.0)
Charge: (-1:0)->(-1:0)
#  C24   N    Excitation    13.27 eV  
#  Energy (eV)	Rate coefficient (m3/s)
---------------------------------------- 
<E>(eV)          Rate_Constant(cm^3/s)
1.285	0.000
1.326	0.6639E-28
1.371	0.7728E-27
1.420	0.1531E-25
1.476	0.1264E-24
1.537	0.8791E-24
1.606	0.5163E-23
1.685	0.2615E-22
1.774	0.1157E-21
1.877	0.4550E-21
1.997	0.1581E-20
2.137	0.4912E-20
2.301	0.1383E-19
2.492	0.3547E-19
2.715	0.8266E-19
2.971	0.1764E-18
3.261	0.3481E-18
3.584	0.6388E-18
3.938	0.1088E-17
4.320	0.1751E-17
4.730	0.2681E-17
5.163	0.3893E-17
5.616	0.5403E-17
6.098	0.7275E-17
6.603	0.9460E-17
7.137	0.1197E-16
7.705	0.1478E-16
8.311	0.1788E-16
8.960	0.2123E-16
9.662	0.2481E-16
10.43	0.2860E-16
11.26	0.3253E-16
12.17	0.3658E-16
13.17	0.4069E-16
14.29	0.4482E-16
15.52	0.4887E-16
16.89	0.5284E-16
18.42	0.5662E-16
20.13	0.6013E-16
22.06	0.6335E-16
24.24	0.6616E-16
26.69	0.6854E-16
29.50	0.7042E-16
32.68	0.7176E-16
36.33	0.7253E-16
40.53	0.7273E-16
45.41	0.7235E-16
51.12	0.7140E-16
57.85	0.6990E-16
65.86	0.6790E-16
75.48	0.6544E-16
87.15	0.6259E-16
101.6	0.5938E-16
---------------------------------------- 
Reaction: e+N(D0)->e+N2(2p2_3P_4p_2Do)
Type: Excitation
Delta(eV): 13.29
Mass(AMU): (5.4858E-4:14.0)->(5.4858E-4:14.0)
Charge: (-1:0)->(-1:0)
#  C25   N    Excitation    13.29 eV  
#  Energy (eV)	Rate coefficient (m3/s)
---------------------------------------- 
<E>(eV)          Rate_Constant(cm^3/s)
1.285	0.000
1.326	0.3759E-28
1.371	0.4377E-27
1.420	0.7793E-26
1.476	0.6511E-25
1.537	0.4566E-24
1.606	0.2714E-23
1.685	0.1391E-22
1.774	0.6227E-22
1.877	0.2476E-21
1.997	0.8700E-21
2.137	0.2730E-20
2.301	0.7756E-20
2.492	0.2006E-19
2.715	0.4710E-19
2.971	0.1012E-18
3.261	0.2007E-18
3.584	0.3700E-18
3.938	0.6324E-18
4.320	0.1021E-17
4.730	0.1565E-17
5.163	0.2275E-17
5.616	0.3157E-17
6.098	0.4248E-17
6.603	0.5514E-17
7.137	0.6957E-17
7.705	0.8558E-17
8.311	0.1030E-16
8.960	0.1214E-16
9.662	0.1407E-16
10.43	0.1606E-16
11.26	0.1806E-16
12.17	0.2006E-16
13.17	0.2199E-16
14.29	0.2384E-16
15.52	0.2556E-16
16.89	0.2714E-16
18.42	0.2851E-16
20.13	0.2967E-16
22.06	0.3060E-16
24.24	0.3126E-16
26.69	0.3166E-16
29.50	0.3178E-16
32.68	0.3163E-16
36.33	0.3123E-16
40.53	0.3058E-16
45.41	0.2969E-16
51.12	0.2861E-16
57.85	0.2733E-16
65.86	0.2591E-16
75.48	0.2436E-16
87.15	0.2273E-16
101.6	0.2103E-16
---------------------------------------- 
Reaction: e+N(D0)->e+N(2p2_3P_4p_4So)
Type: Excitation
Delta(eV): 13.32
Mass(AMU): (5.4858E-4:14.0)->(5.4858E-4:14.0)
Charge: (-1:0)->(-1:0)
#  C26   N    Excitation    13.32 eV  
#  Energy (eV)	Rate coefficient (m3/s)
---------------------------------------- 
<E>(eV)          Rate_Constant(cm^3/s)
1.285	0.000
1.326	0.1309E-27
1.371	0.1532E-26
1.420	0.2138E-25
1.476	0.1748E-24
1.537	0.1212E-23
1.606	0.7098E-23
1.685	0.3595E-22
1.774	0.1596E-21
1.877	0.6315E-21
1.997	0.2216E-20
2.137	0.6976E-20
2.301	0.1996E-19
2.492	0.5222E-19
2.715	0.1245E-18
2.971	0.2726E-18
3.261	0.5530E-18
3.584	0.1046E-17
3.938	0.1840E-17
4.320	0.3065E-17
4.730	0.4863E-17
5.163	0.7327E-17
5.616	0.1056E-16
6.098	0.1478E-16
6.603	0.1999E-16
7.137	0.2631E-16
7.705	0.3380E-16
8.311	0.4251E-16
8.960	0.5244E-16
9.662	0.6366E-16
10.43	0.7615E-16
11.26	0.8984E-16
12.17	0.1047E-15
13.17	0.1206E-15
14.29	0.1376E-15
15.52	0.1553E-15
16.89	0.1738E-15
18.42	0.1928E-15
20.13	0.2121E-15
22.06	0.2317E-15
24.24	0.2511E-15
26.69	0.2702E-15
29.50	0.2890E-15
32.68	0.3071E-15
36.33	0.3242E-15
40.53	0.3403E-15
45.41	0.3552E-15
51.12	0.3686E-15
57.85	0.3805E-15
65.86	0.3906E-15
75.48	0.3990E-15
87.15	0.4052E-15
101.6	0.4094E-15
---------------------------------------- 
Reaction: e+N(D0)->e+N(2p2_3P_4p_2Po)
Type: Excitation
Delta(eV): 13.35
Mass(AMU): (5.4858E-4:14.0)->(5.4858E-4:14.0)
Charge: (-1:0)->(-1:0)
#  C27   N    Excitation    13.35 eV  
#  Energy (eV)	Rate coefficient (m3/s)
---------------------------------------- 
<E>(eV)          Rate_Constant(cm^3/s)
1.285	0.000
1.326	0.3829E-28
1.371	0.4482E-27
1.420	0.5966E-26
1.476	0.4842E-25
1.537	0.3304E-24
1.606	0.1910E-23
1.685	0.9531E-23
1.774	0.4159E-22
1.877	0.1614E-21
1.997	0.5543E-21
2.137	0.1702E-20
2.301	0.4739E-20
2.492	0.1202E-19
2.715	0.2771E-19
2.971	0.5849E-19
3.261	0.1140E-18
3.584	0.2067E-18
3.938	0.3475E-18
4.320	0.5517E-18
4.730	0.8322E-18
5.163	0.1190E-17
5.616	0.1624E-17
6.098	0.2148E-17
6.603	0.2741E-17
7.137	0.3399E-17
7.705	0.4108E-17
8.311	0.4856E-17
8.960	0.5625E-17
9.662	0.6402E-17
10.43	0.7176E-17
11.26	0.7926E-17
12.17	0.8640E-17
13.17	0.9301E-17
14.29	0.9900E-17
15.52	0.1042E-16
16.89	0.1086E-16
18.42	0.1120E-16
20.13	0.1144E-16
22.06	0.1159E-16
24.24	0.1162E-16
26.69	0.1156E-16
29.50	0.1139E-16
32.68	0.1114E-16
36.33	0.1080E-16
40.53	0.1039E-16
45.41	0.9921E-17
51.12	0.9396E-17
57.85	0.8826E-17
65.86	0.8227E-17
75.48	0.7607E-17
87.15	0.6980E-17
101.6	0.6347E-17
---------------------------------------- 
Reaction: e+N(D0)->e+N(+:ion)
Type: Ionization
Delta(eV): 14.54
Mass(AMU): (5.4858E-4:14.0)->(5.4858E-4:14.0)
Charge: (-1:0)->(-1:0)
#  C28   N    Ionization    14.54 eV  
#  Energy (eV)	Rate coefficient (m3/s)
---------------------------------------- 
<E>(eV)          Rate_Constant(cm^3/s)
1.371	0.000
1.420	0.9552E-26
1.476	0.1035E-24
1.537	0.1089E-23
1.606	0.8322E-23
1.685	0.5424E-22
1.774	0.3030E-21
1.877	0.1486E-20
1.997	0.6358E-20
2.137	0.2409E-19
2.301	0.8185E-19
2.492	0.2514E-18
2.715	0.6962E-18
2.971	0.1754E-17
3.261	0.4060E-17
3.584	0.8695E-17
3.938	0.1721E-16
4.320	0.3204E-16
4.730	0.5656E-16
5.163	0.9440E-16
5.616	0.1502E-15
6.098	0.2314E-15
6.603	0.3436E-15
7.137	0.4958E-15
7.705	0.6969E-15
8.311	0.9578E-15
8.960	0.1290E-14
9.662	0.1708E-14
10.43	0.2226E-14
11.26	0.2860E-14
12.17	0.3628E-14
13.17	0.4546E-14
14.29	0.5638E-14
15.52	0.6916E-14
16.89	0.8404E-14
18.42	0.1012E-13
20.13	0.1207E-13
22.06	0.1428E-13
24.24	0.1676E-13
26.69	0.1951E-13
29.50	0.2256E-13
32.68	0.2586E-13
36.33	0.2943E-13
40.53	0.3325E-13
45.41	0.3729E-13
51.12	0.4152E-13
57.85	0.4590E-13
65.86	0.5039E-13
75.48	0.5491E-13
87.15	0.5934E-13
101.6	0.6370E-13
